307
3291
4874
1847
1418
3133
4779
4287
2081
3066
4607
3369
2003
4760
3238
4716
4266
1954
4843
97
2014
2402
151
2196
4817
4487
4931
4888
4967
1046
492
4193
2563
1006
2580
3575
472
2525
2437
3713
3460
1571
4160
2910
4234
2158
3923
4722
102
3965
3528
1796
3141
4171
422
4309
529
764
1998
3437
283
3689
3800
2522
19
198
352
2405
976
1342
1904
3181
4299
4260
1510
2251
403
2104
2464
4173
4493
3921
3493
2965
4895
630
583
148
237
966
2912
950
2172
4847
854
3903
2938
1385
2861
4461
3385
885
1519
4008
2373
789
2652
10
3345
1241
4992
2234
4974
4372
2223
2704
3236
13
2598
4206
3225
1182
3100
2718
2686
4178
3177
4636
2763
4580
2636
3059
3614
1132
3695
4526
382
2891
4071
3370
2217
2881
1592
1949
1800
497
968
3280
2370
4800
1673
2080
3572
994
1106
4781
3036
1825
4485
2808
169
1733
1913
1312
1282
427
4916
1264
3235
4418
4733
4033
75
2633
3522
694
1052
1562
701
4889
1798
3301
5
4261
1528
3175
1695
4724
1
2363
42
1363
2753
1126
2025
3297
1266
1407
4539
1793
1818
3885
1224
888
3842
4504
1340
621
1427
4363
3322
2115
3579
3040
4861
4472
3272
715
2008
4327
3858
1937
3515
2098
1189
3313
370
663
4499
4356
3415
4056
3895
1660
3287
4576
2790
2383
1488
2074
2767
3720
4046
818
3703
3730
4216
1370
4325
795
570
4704
2585
1806
248
1715
1684
891
1438
2428
2429
2176
3972
339
1205
4663
1751
1215
4256
3078
1612
4054
3221
1700
3586
1409
3841
4255
1373
4670
546
1219
2773
1843
2136
2654
3505
4293
3818
1321
1889
1155
4163
2353
2595
3054
445
1208
4728
4349
3650
785
3444
2711
522
186
1567
1508
3096
3563
580
2798
4530
3246
188
4025
1394
2110
780
3636
665
1309
1158
3877
74
3104
4339
1540
3946
2554
3587
1894
48
4935
3032
2972
2195
4660
160
2786
4956
1858
3884
1649
2212
2879
2348
773
2460
3403
2936
4331
2027
1881
1400
4423
3224
2145
1883
4471
4058
2203
804
4344
2204
1732
3896
4555
4738
714
348
1070
373
2647
4072
340
4109
1257
3660
2882
1001
1150
3795
4641
3399
641
4525
4617
4359
1179
2997
1018
3294
2874
413
1503
3148
4819
2069
3282
3394
4052
2612
3274
4122
2849
3026
2190
1012
4196
2181
50
2449
4073
1289
2410
3762
2547
4440
4065
302
1745
2206
765
1861
3621
4912
977
1231
516
483
3593
2263
3847
3796
4267
4677
1655
2356
766
4905
2157
4474
490
440
3814
3652
4953
277
2439
1750
3882
1054
12
448
838
1561
80
4248
1650
940
1020
960
1908
1688
3746
3130
1761
2722
1065
2895
3192
836
3008
2128
332
2287
2077
4162
4615
2524
314
1671
1813
4884
2083
2346
2377
149
3219
4944
2411
3863
1877
779
2371
1862
4446
3198
141
3829
3068
2688
4492
896
2483
4374
879
189
2740
814
1306
1124
1721
3122
4638
2604
815
154
1003
4398
2094
221
2916
4452
2023
756
1634
4077
3184
3506
3114
3626
2446
4848
3209
4333
3967
4061
1477
2850
531
3421
2475
2282
2448
693
1739
4941
3553
3791
145
1521
2183
3011
411
1854
4227
4945
4610
4886
2629
116
3127
3851
1305
4567
309
2271
1632
4603
519
2687
796
3303
3531
1355
1708
932
2202
4032
295
207
4834
2312
861
1307
1082
1203
2966
4949
3453
4564
716
4536
2134
3605
2854
3384
2591
288
2450
748
2955
4880
1149
525
4650
2799
1647
236
4681
3718
4413
3676
788
3166
1091
660
4625
4840
4622
3244
251
3429
2415
2660
3035
1532
3420
4131
2093
2142
2096
3203
79
94
3156
1805
784
1084
3237
2125
428
2929
2945
4601
961
4343
3869
3619
1285
4821
581
1950
4826
1511
4825
3251
1550
1268
3478
2621
1474
3747
687
3864
2969
1501
2102
1465
1608
1912
3883
2350
4556
255
4139
2330
3831
1903
291
3396
401
4275
2123
2959
2259
719
1433
319
1857
17
2039
1834
2304
105
3468
4608
3277
4925
3473
4640
2871
4702
1213
1890
241
1009
3830
1604
1500
1880
2030
83
2787
1674
1553
1716
3767
1085
1490
1320
321
1635
4201
4100
3821
810
798
3257
374
179
591
3837
4151
3007
2418
4479
1855
3776
2514
527
4815
4742
4104
3574
3974
4428
4689
3115
316
3617
2698
1428
2632
2232
2666
1480
1929
3815
4902
3566
3804
4723
66
4975
2716
4914
4301
121
456
725
4324
351
1327
4784
873
376
1134
4773
3013
535
3659
2829
2822
1947
3220
1366
345
2774
2878
1835
3019
590
1814
841
1168
1387
4739
2454
356
2971
3412
1819
3003
2519
1765
2012
530
4600
4718
2425
4581
324
2659
2424
3537
4330
502
192
4337
459
2029
4009
1481
1788
2224
857
2542
2324
2249
1094
826
1710
4495
4078
771
2675
2791
3006
229
2853
1008
177
3862
3598
399
4606
1547
1615
787
1419
2802
1983
1147
1435
4023
702
23
3099
1156
3604
4253
199
4997
3951
442
4859
3134
729
2751
4007
1331
760
49
4060
4092
4376
3665
830
4867
2784
312
2040
3630
759
419
3708
2360
1267
101
4155
379
2469
4000
70
1315
2926
3677
587
138
1797
114
4972
4524
196
3787
2727
166
405
4621
481
194
1325
397
1087
1676
3755
4217
3819
4034
235
1389
2487
2823
1666
1807
2421
1730
2066
2099
2401
2019
1770
1966
61
606
4272
64
2968
3466
3169
1405
1886
1478
747
2412
592
2637
942
2218
4758
1790
3728
460
1901
754
4591
4120
1457
1872
3018
2826
3691
3500
4203
2876
2917
847
4036
73
2954
539
3611
421
2033
4522
3709
3627
1345
272
4387
4563
3158
279
3977
3457
1260
1193
1233
362
4279
1292
1078
1993
2714
173
3976
3271
4208
304
4962
1471
2834
4824
3783
3438
4872
1585
3990
2614
2341
1892
3548
2845
2747
4797
3556
3670
3832
2505
2399
681
2962
2059
2375
4995
4480
1015
3945
3824
997
2651
2210
613
349
2266
2042
1261
4129
2177
4726
542
3317
2267
1515
2420
4368
4799
972
1384
4547
2378
808
3768
2814
4017
2669
1383
4024
4701
574
2967
4970
3172
4012
2088
2403
550
2119
638
3480
1616
659
545
3126
250
3270
343
2927
2355
1943
1161
2597
1045
1242
4402
1974
1053
1426
3037
1711
4068
3664
3334
3383
1668
4532
2153
4456
3145
4459
746
876
1824
4169
969
2264
124
1504
703
1144
4049
3535
1830
4762
3167
4302
4432
1558
2815
4811
2284
3324
3868
1946
2758
2236
1469
2436
3212
204
2189
4235
2191
1411
705
4585
4444
4540
240
1964
134
2489
3873
1273
3527
1826
4358
392
554
4383
1302
2155
1401
2170
225
762
1995
2308
2963
3061
2288
2292
4542
4869
1637
4744
3178
452
475
3866
673
4159
1690
635
1638
3374
3954
1735
2497
450
2649
4908
631
1173
3048
2052
825
1675
1622
3245
2169
1817
1577
4727
2838
3152
3669
4276
1489
2432
3733
2625
913
2163
3312
2361
1351
1372
3651
1390
1356
313
3867
4231
4051
3993
1967
3964
4095
1299
929
3922
2318
3240
975
4775
4263
1410
3494
4089
4453
3618
1479
437
3498
4893
4148
4225
308
1731
1137
3442
3658
3337
2337
2793
53
3726
3711
4427
588
4765
2504
674
4252
1986
4389
2512
3597
1965
4369
2058
3467
4385
2901
4076
2434
181
3286
908
3909
4394
2899
848
4783
1530
47
4958
4518
2182
2114
3241
333
1833
3044
2805
3675
1969
2807
3620
3393
414
3984
1145
4833
3397
2256
4200
4830
1720
3043
1117
3051
2900
1850
1848
3849
4181
1464
2265
4047
464
1725
3327
3497
2964
1335
2250
239
1611
4015
1073
822
4904
4862
1329
1277
2627
1050
3899
4382
695
4464
474
4126
3377
3545
259
402
518
3097
404
1485
1976
2703
4322
318
60
310
4511
4575
2485
1118
1959
3095
3748
742
170
1546
3073
829
1657
359
943
2160
1391
4788
1176
4509
180
1538
4705
3973
1759
3975
2493
2552
1598
2001
1694
2589
3606
4174
477
4134
87
4521
3479
2769
4926
275
971
1630
2209
3878
3102
4711
2053
3248
2404
2017
4714
2970
1256
4106
1234
927
2984
801
4483
1246
31
3146
4431
2230
3419
1252
4633
2118
436
3525
2778
4596
2635
571
4554
2701
1323
3641
2939
1131
2333
2821
893
3934
2260
4430
1560
965
813
1057
3999
1956
2500
3336
4626
435
3916
57
1527
521
890
2171
2054
3485
1529
4407
2167
3315
4315
4868
2159
3131
1568
3376
1740
4274
2148
4426
4923
4647
3135
3911
4508
1399
4850
3607
3508
3
957
1301
420
3823
3247
1440
1180
4552
1900
1019
4021
1287
2999
2381
1496
4515
2359
1048
4048
683
3541
1701
1860
3717
3117
1447
3201
1523
15
1095
2583
4873
2419
1422
2010
4752
4989
894
1591
1066
2527
2694
26
595
1722
4244
3827
4538
2168
1923
1938
3252
4099
3875
2306
2387
2491
3538
3679
4236
2894
1595
1574
3801
1196
1556
1970
4130
398
4022
3489
2620
4613
40
2046
1314
1127
970
3076
3406
526
1590
1403
2648
4137
3410
1876
2241
4620
3696
4734
866
4404
358
4619
2574
1412
4933
4930
905
4828
4994
3982
2084
2213
2952
3871
4534
2691
3208
4037
2706
99
3321
1514
4796
1580
1187
2788
973
4963
1044
3808
1764
3108
3770
1125
524
2
2515
4684
1642
3891
2056
853
1226
2695
285
3194
783
4609
2858
3121
1365
650
1113
4290
417
1951
36
2511
2006
910
254
2940
1388
3504
2496
4476
2543
1454
4682
2073
3038
2435
1533
2326
1130
7
3147
4915
303
921
3186
537
2892
4176
573
3631
252
2745
840
4116
3386
3150
244
1027
983
2007
4980
4108
363
1362
2258
4936
383
2741
2702
1395
2147
2390
4478
2555
4818
867
2887
1344
4405
1772
268
296
2877
1920
3680
4239
2572
720
3778
3331
3361
1123
4768
3164
845
496
4224
4147
3939
2545
1339
3481
2915
4442
3985
1689
4562
752
206
3983
3119
222
1651
3612
1476
4406
4482
4460
3350
4984
29
1133
3511
55
2913
1459
1619
4016
129
3357
2343
1576
1494
3803
1227
1776
3859
1116
4750
3839
3343
3260
900
1423
2932
1276
743
2488
298
1584
850
3647
2139
2577
1174
3879
2327
4748
143
3189
3330
2904
2960
2565
3029
3681
457
669
1749
2670
4808
3341
1033
4746
962
2379
1207
799
2628
1072
2599
4656
1245
1441
2453
3698
1601
2755
1089
750
504
4470
4080
1544
3905
4832
1274
3543
266
2413
1820
1129
1534
569
2164
3351
3338
433
4836
1484
3363
3425
3589
4658
1691
4632
330
2682
4688
2528
2898
844
3580
711
4730
2596
3805
3530
2581
4551
2320
4881
2536
408
3872
2789
3323
1727
1583
4943
1417
260
1810
3373
150
3157
4966
365
2382
4594
2214
3129
3655
4807
1958
2710
3761
1565
3005
2101
4717
2246
4928
593
4157
4466
2461
3779
800
1382
326
4587
375
2502
1453
1952
602
1792
1026
4399
2738
607
2909
1069
2776
2742
870
2180
1393
3898
858
164
2368
4964
2582
3817
1467
860
1686
2656
4820
4069
3739
1502
1000
629
3089
2976
3524
3416
3649
234
1743
827
3105
1482
4685
3371
476
3381
1925
4605
4505
1815
3953
1707
4486
2111
904
3432
1152
2501
4232
4894
1319
3288
1436
897
3001
4237
2430
2907
4593
2285
1286
3578
342
549
628
3390
2993
35
371
4882
3176
2884
2883
4987
3613
24
4027
3058
4523
3279
1431
3870
2615
4075
548
2951
2593
4910
2471
1552
2016
3752
2417
727
361
2638
3230
751
1541
3892
3180
811
3810
933
802
2836
1844
3700
2989
2752
2558
4127
4316
1779
869
2535
4447
338
4545
3949
156
210
214
3699
732
3961
3353
372
3678
2281
2994
644
4412
824
2048
4063
724
1972
770
264
3571
153
2575
3025
2828
4553
3959
4754
140
1864
990
3110
3045
982
3942
2979
2395
2639
4693
1346
2091
2117
1748
3793
1293
749
4858
4341
615
2044
2340
1170
1240
3335
1572
2315
4745
2768
2569
3223
4983
3366
4514
4462
4334
4370
3163
1614
4503
534
4346
4103
4294
2242
1870
3434
2510
1517
3546
341
4175
4107
3232
2445
2797
2414
3692
4842
4743
677
2323
625
3205
4136
3502
1324
1194
4233
1507
4749
4767
3920
355
447
936
1077
3615
71
91
1249
2188
2283
1114
559
1795
3103
533
4202
1024
1979
1228
2996
4707
3813
3904
117
1531
511
2130
3083
2541
1258
1172
1148
2335
4919
3027
4243
410
3067
2832
1907
627
912
4463
884
4887
855
4062
863
4860
3306
2037
3149
2031
3153
1705
322
2268
4520
3671
2441
2646
4386
1784
3632
3940
3860
699
1799
2622
3431
3187
2978
1714
137
3603
2200
4001
1051
4706
2903
3028
2985
4067
540
28
1859
2299
1300
1706
39
1639
4084
4158
1110
4771
1955
2531
1022
3734
4712
1071
4770
2841
22
208
3218
113
3926
4951
4952
3843
3197
564
3031
3125
3790
4207
733
4283
3836
1322
3016
95
1713
2187
3799
3302
4265
3947
1662
2406
4870
4675
2041
4694
4801
306
1038
2705
3454
2277
4335
1455
1987
2864
3492
158
3359
1199
709
2982
1960
620
1961
1512
1816
1042
911
2135
1238
3710
2227
4648
1586
2385
1989
2847
3935
2473
1475
3101
1253
4789
744
878
2956
4149
739
454
2762
536
3264
1328
1298
4849
3637
1386
721
4774
4362
2457
3914
3486
3865
1626
1375
952
1840
4303
2071
1201
2761
1628
678
1526
4212
228
2919
2987
2726
776
1360
1640
4857
832
1198
3980
4144
2573
1061
3124
4793
4429
4985
3668
920
2785
1570
2238
664
1056
2578
4669
3075
4761
4241
4258
2922
2498
2941
1516
1629
4778
3503
3989
249
2616
4280
1753
3455
3763
1004
2302
4417
1669
1486
4969
211
3261
4510
3191
2679
4410
2244
479
262
62
2345
122
2372
4257
809
4948
2946
3644
3772
3243
4421
3822
3477
16
4365
4692
598
2933
3648
555
3994
1035
3513
4313
2026
2097
3962
2771
4101
3118
2336
215
120
3552
3433
4198
738
599
1724
2513
4628
3002
4211
1236
2977
2004
2205
1093
690
1043
1898
4500
2280
4667
1041
4981
2824
2801
2644
3402
4441
4164
4544
4955
1295
2011
1055
242
557
4720
3592
4006
1281
100
2725
3409
1999
691
4785
1468
163
3774
578
1566
3430
575
2465
619
1563
3211
2672
3253
2459
1142
3404
1364
4433
3112
409
4937
941
3549
44
4408
1421
889
2252
874
290
4535
2606
3902
2108
4927
2613
1105
458
1851
708
3654
828
4292
1381
4922
1921
1554
4635
3268
2051
4592
1653
4876
93
2671
2556
1076
3928
178
2100
3216
2144
4448
562
1909
3488
1151
4484
2278
337
2137
935
3057
4568
1473
3389
2844
1225
3382
4401
3072
793
2942
1216
3063
819
1178
292
463
895
1513
4845
4659
118
4570
161
424
4541
1910
2991
2162
2696
3661
3010
1935
1139
626
394
515
2810
4561
1297
3120
2775
2313
2661
3162
2107
3533
90
2503
4489
2290
4583
1146
2764
3347
2237
38
2305
986
4787
2736
944
3844
3856
1192
914
3349
2291
4816
736
1646
3702
3565
2663
4345
887
2719
2298
1221
2050
3968
758
258
3242
4124
1992
2796
3749
1747
4795
4917
3094
2347
43
3307
1396
4168
3047
1549
381
2530
667
4003
1493
2566
2020
184
3673
4645
3792
4304
1064
4896
3957
1869
3463
287
4238
2393
4152
2896
271
2127
1021
4110
4665
3020
1472
3834
1333
2133
3623
1683
4844
1002
2386
3782
1808
4804
1766
2538
46
4798
3932
1230
926
4961
3378
925
640
3080
4672
331
1367
1687
3092
1548
350
2092
3729
391
4286
4273
3820
4566
3200
4673
2015
1981
1891
3581
294
3138
3769
1141
2294
2367
597
3794
4269
4851
1162
1348
2924
3510
2697
2973
3249
656
2156
2689
1212
3591
270
1726
4204
1243
4618
2087
837
3788
175
3456
4616
4763
2825
3443
2937
1917
4901
1957
4222
2184
4133
1379
317
4154
432
4865
3609
520
1181
1941
2908
2079
2610
4226
3098
3086
4918
123
1836
4475
3365
596
253
4150
4766
1270
4699
794
78
3333
3263
1014
1283
4066
2757
2124
4614
4183
692
3685
2608
438
4388
4364
103
717
395
713
648
1791
1030
3021
2354
168
871
4400
1100
2021
604
1271
2548
1915
4713
3544
1470
4490
2226
723
3918
4946
471
528
4780
1254
3806
3551
2869
1153
601
3845
1709
3600
553
782
1235
1250
4979
2451
1415
3736
1991
4118
1232
3258
1933
1717
512
4053
443
3874
1229
4172
2692
1357
3487
1223
1785
4755
2674
3064
3640
4323
3948
470
4671
3811
4791
995
3304
2474
3941
261
4191
3132
1164
700
1621
4604
547
2086
4297
1849
2186
4998
3344
3722
1495
4205
1036
2980
761
2057
3206
2935
4871
1341
608
1350
1107
3319
4627
3690
2890
3557
3915
4680
2060
2619
2207
1746
1121
3233
3507
2456
903
1200
1010
718
3833
4929
1757
3888
4354
544
772
2856
4959
1378
1016
4598
4597
4988
2995
4735
4321
2588
2310
4326
3039
3886
2665
4190
3570
1990
4153
507
3077
2455
2804
3929
4210
3938
4662
4812
3705
3638
109
1712
1973
4512
3154
622
3151
4725
3256
1811
4219
4757
1656
803
3601
2851
2397
4218
2416
4050
777
176
3569
4846
1119
4890
3229
1352
2255
2427
3881
4318
1741
4741
3380
2245
4839
4336
2316
3352
778
1575
2131
3041
4612
2309
5000
418
27
3392
1337
509
4013
3033
4042
2737
1831
666
1809
3981
2795
2624
453
4085
3560
2208
281
4228
2276
3474
582
130
2275
1290
984
4502
1928
1569
3933
2852
1011
3183
3452
967
2013
300
1047
4976
3952
2233
1631
3624
3514
2724
655
661
1204
1996
2289
4035
335
4729
2905
4822
182
2840
3143
1536
4213
1432
939
3116
3786
4138
3712
4557
2744
4703
2225
1838
1255
360
2868
4877
4215
3520
227
2165
3082
486
1380
3012
439
4710
127
1377
1317
2781
945
2161
3090
4586
2526
2713
4123
3269
775
2602
3411
2848
1067
4141
4649
3395
3854
4166
4308
4004
4090
3060
3573
3583
1728
3446
2920
1062
4214
389
849
906
4254
3688
1326
3472
3944
2329
3265
639
4584
806
1032
636
3356
741
2317
1593
485
4674
4381
2447
2947
4379
2149
1439
4900
4043
4457
4629
2211
1275
2175
2103
3516
4419
1752
3342
3314
4311
2173
4449
763
4220
3907
3577
3807
3204
3924
4879
3518
998
267
466
3532
577
187
3056
3267
2855
3588
480
412
3992
1175
4786
4229
2262
3140
4338
4697
2082
1098
902
2061
2523
4531
3339
2544
1916
4934
1007
697
276
3995
3311
2089
2273
4434
3740
4695
4409
1723
1039
4350
917
1313
767
2141
2490
1692
1678
3802
2477
3784
4161
3765
4093
2662
2240
835
1682
2906
2076
4019
565
4473
1871
4298
2571
2392
346
1404
3558
3848
2837
4454
1311
2748
4091
820
2603
297
614
924
1931
2476
2681
2272
1940
4251
2684
3262
2743
4569
1551
1185
737
1183
3309
4438
3295
4289
2811
2376
108
263
3855
2293
4268
1483
1336
4377
3196
2018
4513
224
3231
1677
1191
2690
981
3179
4782
3185
541
4270
2885
1332
2677
1101
51
4011
212
377
3106
4184
1334
4348
2914
2975
1099
4284
4451
426
482
183
2934
3379
2842
605
126
1823
4496
1902
1988
323
1603
4560
2407
3111
4082
1618
2813
3332
500
3113
4507
2479
89
1624
610
2116
745
2151
2925
566
353
2194
3559
233
1783
3214
859
3091
37
1644
2867
3777
2248
3956
1461
774
2423
4367
1754
3069
4340
3042
3449
2759
3445
3088
3227
1636
3526
3756
4644
1359
3633
2532
1506
1738
3000
111
3998
41
1884
3255
1667
1079
3034
1882
2990
1040
1376
3582
357
3979
503
2409
1623
3426
1456
1780
2067
2314
1086
2732
3079
2344
2239
3716
1310
3405
3139
3471
4747
125
987
425
4776
4165
2396
3362
1138
325
2468
3009
4863
603
487
1135
3963
4579
4105
3663
3428
728
4891
3085
3207
2494
320
400
865
993
3519
1633
964
1497
3931
76
4245
3030
4242
4854
4519
21
202
934
4177
1698
1318
2723
864
688
388
1968
652
4829
2640
2166
4965
220
1434
1291
1013
1856
637
2047
543
3329
2005
2953
3723
3610
2185
3375
2729
698
3171
4307
4853
484
3239
589
2433
1997
3461
1865
84
4903
52
4907
538
4573
455
2274
4996
3645
2668
2408
3743
3910
136
645
1445
2440
3950
3960
2126
96
4578
2229
2862
2038
1522
1962
132
1136
3318
1697
931
892
4657
2944
3450
1963
2957
3413
4823
2438
3540
2592
3228
3846
2943
68
3440
3259
2506
2467
3014
2981
1102
955
4971
4070
1610
1392
2818
3170
33
671
2458
3908
1068
2631
2374
430
3137
1594
3161
4436
4096
1398
2065
4960
1353
81
1214
872
3308
2750
2676
3387
2782
4246
4654
4250
2325
4342
3464
4655
560
2777
2568
2300
278
2540
1122
2779
406
3719
2261
1888
1866
668
4102
1842
2699
706
4875
3987
1579
2270
959
3682
3568
4195
916
1074
378
4590
2564
792
2992
2426
1429
1654
354
2517
1932
2307
1781
726
3400
1827
3735
3653
3857
1463
390
446
25
1028
4312
1758
3667
4920
384
3727
1693
4081
3142
106
947
4373
4445
3547
1832
2443
877
4491
769
1005
1652
963
2507
2090
2000
1466
92
2043
2709
2174
4921
2303
4390
3491
1505
1262
612
753
3838
4197
3226
923
3517
2301
3625
3937
2109
3414
2254
4611
3567
1063
3289
4835
3367
4589
1822
2009
1023
797
1944
3594
4247
3439
301
3757
1945
790
4664
3599
2794
2949
1980
4424
1492
4666
3283
4221
4899
572
364
1177
1661
32
4277
65
157
311
1729
2873
219
3310
344
611
4630
72
821
1031
2673
104
3024
672
2072
3053
2551
643
1771
988
216
4038
4588
3190
4142
949
1368
2444
217
2931
980
1460
4378
676
4982
2055
1672
4458
4146
3750
429
1058
4679
3275
3853
505
2442
3643
3055
4777
4282
1978
2809
88
2645
4940
3766
4572
1248
4086
2998
2600
1936
2319
1878
2391
1905
269
3490
1984
2197
3168
20
501
1762
4924
3725
3195
3596
3825
1444
831
4300
4571
4939
3646
3368
2113
901
4488
1092
978
2859
4393
3250
2770
3417
2958
1767
135
4831
3925
4186
282
329
2045
2362
4469
2472
2560
4683
3254
4827
2296
3550
4094
2247
2178
1602
2216
3771
2783
3666
4351
4295
2623
1841
1195
3298
2641
2827
4582
3004
2772
1582
4756
1451
4392
1163
4661
4883
4240
1939
4360
768
3616
128
1520
3816
1166
2062
1518
4866
3360
2132
3202
757
3299
2733
899
918
2634
3199
2529
4506
3742
1896
3930
1596
2221
1875
3775
4533
3943
1103
3738
3970
1222
2728
1358
2398
1184
3049
4264
4687
142
953
948
685
3996
63
1874
4329
3889
3062
416
2930
2219
3608
11
2746
2756
2546
852
1037
1718
1349
928
670
367
4291
2351
4179
4098
1804
3629
1303
4852
3773
2700
2199
495
1930
4497
4527
3355
2120
1190
4806
974
996
3852
1034
4878
1736
4686
4751
2484
3798
3408
1581
4652
45
2708
1627
2509
1893
3635
1347
431
2617
1545
4384
1017
3499
498
2717
4537
1719
2486
4947
506
3539
2626
3174
3754
523
616
4792
1088
3741
4468
201
3971
4938
4467
1288
3534
1699
3687
633
1613
875
2539
1491
56
2022
2549
2561
4690
4262
1971
1188
834
4083
712
2590
3469
1703
2833
289
3826
4973
3900
3657
3081
1763
4111
2332
3880
563
4317
2643
1154
2923
4450
468
4391
2685
2579
256
174
1769
4978
851
1681
489
165
1263
2394
1641
1406
1120
2678
3093
1828
2338
907
2839
415
1982
2857
2537
2533
1304
2235
59
3482
1157
4740
3745
4209
2866
3585
1171
2601
817
734
1934
1543
2830
2121
4892
2731
2712
3634
4719
1658
2576
4465
556
3542
551
3555
107
4055
3639
4041
823
1564
1911
1330
1994
4814
4414
3835
4259
1029
1443
4731
467
1060
2369
1588
2754
2366
4112
2819
710
469
4010
1589
3912
4306
2586
4643
172
2986
2364
1279
2508
2193
1218
689
3423
1220
3050
3070
3084
4837
3128
4115
4156
2349
336
722
1075
3447
4957
882
1685
1625
1450
4794
3850
2683
609
1559
4477
843
2269
1210
4357
1278
2231
3701
3521
4064
740
1578
4809
2112
881
4411
4074
4132
4790
1197
2179
3316
1140
246
1645
2152
1416
3451
1756
4813
552
1397
396
686
3495
3484
2831
4691
3300
532
4909
4278
880
4194
4517
3015
4135
1104
675
2886
2085
4420
4328
3966
1774
133
862
4897
1573
4624
979
2557
2584
816
1446
4637
1537
1542
4977
494
2220
2384
1237
585
3656
327
3475
1251
2342
1837
1458
3281
4045
4397
4543
3732
4125
3737
3760
1829
4913
4599
423
3906
2286
991
4678
238
3997
3707
2138
735
568
930
1617
4559
4192
2897
2228
3731
2334
14
1704
3812
3320
1202
954
3927
1167
2521
4443
2846
2911
1812
3554
2358
3706
2693
2650
4595
1160
632
232
4986
755
4841
4285
1539
1606
3897
922
1259
4623
2739
451
4425
110
257
4180
1059
4332
2380
293
1789
245
2562
193
1343
4288
2492
147
3764
274
3074
1680
2063
707
4044
4026
579
3991
3284
1607
1083
4114
2760
3913
2594
1868
2888
499
4005
4558
1887
4396
2780
1734
1111
3483
3305
67
2480
999
4167
4028
2482
1159
4187
2075
3401
86
4498
2707
3364
1665
4700
155
951
4668
2655
2478
2028
1897
3348
2605
3529
380
1597
1948
3462
2518
647
3424
3917
4634
2122
3326
1430
3714
3407
680
2766
4954
649
3107
1926
919
2865
98
1143
3071
4435
1802
2765
1296
3215
223
4759
1369
3602
4494
3293
856
4642
334
4501
4415
1487
1211
4170
2049
82
1953
1244
1452
4088
2365
203
634
1742
1108
4018
558
159
3890
2422
3046
642
3210
1873
58
3584
1498
2918
2974
191
2452
2068
812
119
3721
2875
131
1115
85
4030
1702
600
3893
4631
3828
1090
4991
2609
1371
1097
4529
1985
1437
162
4020
2587
1670
1899
2516
4810
684
3346
146
2667
54
2550
2352
3023
1316
4646
4223
2611
4097
407
937
786
653
4002
1975
2253
3065
594
3894
1557
1186
4653
2950
3296
4651
1442
1863
3683
696
2389
3182
209
3697
3724
3435
898
2481
4355
517
2106
2559
3325
3459
4709
985
3523
4528
243
3358
1885
3753
461
4999
3958
2470
386
3144
1853
4371
4029
2064
4548
1525
2800
1284
1265
1775
617
2257
4715
3427
2948
3496
366
514
4271
393
4721
2078
805
1269
651
2812
3622
946
2928
2357
2215
2553
4281
3562
265
1760
2095
4310
30
2730
584
1414
3470
1609
2816
2749
4361
4059
4753
4932
3052
6
4732
4249
3936
144
1080
4550
3109
4199
4906
2388
2192
3022
2198
4039
368
1169
2297
4140
1449
1294
623
1786
4320
3217
139
618
4143
2431
4805
3165
2150
1605
3861
868
915
9
1209
69
3193
1620
3715
3436
513
4546
1782
1821
1852
1927
730
305
1308
4375
1206
2803
4803
171
1374
2105
2820
1448
909
2140
807
1239
4856
4352
185
2870
958
4040
846
4481
2630
4602
2328
441
2279
2720
662
4189
2534
3448
2607
4696
2642
4516
4574
3919
3988
4772
273
4708
4185
3441
434
3901
2664
2806
2034
3292
3273
3789
1755
3159
4549
1906
1128
567
4942
4439
3266
1462
3969
34
1109
449
2322
2321
704
4802
2657
3285
4577
299
3978
1280
3418
654
3564
195
3672
2002
2400
4736
2143
3278
280
1777
4911
8
2035
1845
3693
731
781
4014
1787
3391
1402
3576
4314
115
4898
1659
2961
4119
4864
658
2295
4764
3465
4416
1165
369
586
2466
2863
2653
1768
842
833
1801
3501
3780
2843
3276
3328
4117
4950
491
3955
4305
1025
2734
989
4422
4565
1599
3686
2146
2243
4737
1839
1509
4968
1924
3340
992
226
4087
646
2222
3188
1524
18
576
2070
2817
2792
1587
1096
938
1737
1408
791
2201
3173
1600
4455
2567
3840
2835
2658
3674
4079
3684
1773
1272
3781
77
3017
152
1803
2499
3561
2495
4230
3136
230
284
682
462
347
4188
508
3222
2462
488
2032
3785
1247
1919
3123
3759
561
2339
1535
387
1425
3744
3876
4838
4031
3388
2921
444
3290
2680
1696
3628
1918
4990
3087
1413
4319
1744
315
190
2880
473
1081
839
3509
493
1895
4121
205
1664
886
4769
1867
1643
3512
3160
2618
4855
4698
510
2311
3213
200
231
1049
624
1361
1794
3694
3590
247
4885
2872
2983
2735
4380
3372
3986
1679
4437
4366
3704
1420
3234
4145
112
679
1977
2721
2036
4403
2902
4057
2860
1922
465
2463
3887
4113
4182
4128
3595
883
1846
3797
4993
213
1338
2988
2129
3155
328
3809
4639
3398
1112
286
2570
2893
1424
3758
167
2154
657
3354
1217
3476
956
1555
1778
1354
1648
4296
3536
1663
3642
1499
3458
2520
2889
4353
385
4
4395
197
4676
218
1879
1942
2715
2331
478
1914
3422
3662
2024
4347
3751
